0.000000000000000000e+00 0.000000000000000000e+00
1.010101009160280228e-02 4.021075554192066193e-03
2.020202018320560455e-02 1.600148342549800873e-02
3.030303120613098145e-02 3.569477796554565430e-02
4.040404036641120911e-02 6.269679218530654907e-02
5.050504952669143677e-02 9.645543992519378662e-02
6.060606241226196289e-02 1.362839937210083008e-01
7.070706784725189209e-02 1.813775151968002319e-01
8.080808073282241821e-02 2.308323979377746582e-01
9.090909361839294434e-02 2.836678028106689453e-01
1.010100990533828735e-01 3.388491272926330566e-01
1.111111119389533997e-01 3.953129947185516357e-01
1.212121248245239258e-01 4.519920051097869873e-01
1.313131302595138550e-01 5.078402161598205566e-01
1.414141356945037842e-01 5.618577003479003906e-01
1.515151560306549072e-01 6.131138801574707031e-01
1.616161614656448364e-01 6.607687473297119141e-01
1.717171669006347656e-01 7.040920257568359375e-01
1.818181872367858887e-01 7.424791455268859863e-01
1.919191926717758179e-01 7.754647731781005859e-01
2.020201981067657471e-01 8.027315139770507812e-01
2.121212184429168701e-01 8.241159915924072266e-01
2.222222238779067993e-01 8.396102190017700195e-01
2.323232293128967285e-01 8.493593335151672363e-01
2.424242496490478516e-01 8.536558151245117188e-01
2.525252401828765869e-01 8.529290556907653809e-01
2.626262605190277100e-01 8.477323651313781738e-01
2.727272808551788330e-01 8.387264013290405273e-01
2.828282713890075684e-01 8.266600370407104492e-01
2.929292917251586914e-01 8.123489022254943848e-01
3.030303120613098145e-01 7.966526746749877930e-01
3.131313025951385498e-01 7.804508805274963379e-01
3.232323229312896729e-01 7.646180987358093262e-01
3.333333432674407959e-01 7.499999403953552246e-01
3.434343338012695312e-01 7.373897433280944824e-01
3.535353541374206543e-01 7.275055050849914551e-01
3.636363744735717773e-01 7.209707498550415039e-01
3.737373650074005127e-01 7.182965278625488281e-01
3.838383853435516357e-01 7.198665738105773926e-01
3.939394056797027588e-01 7.259256839752197266e-01
4.040403962135314941e-01 7.365717291831970215e-01
4.141414165496826172e-01 7.517527341842651367e-01
4.242424368858337402e-01 7.712655663490295410e-01
4.343434274196624756e-01 7.947601079940795898e-01
4.444444477558135986e-01 8.217473626136779785e-01
4.545454680919647217e-01 8.516100645065307617e-01
4.646464586257934570e-01 8.836179971694946289e-01
4.747474789619445801e-01 9.169456958770751953e-01
4.848484992980957031e-01 9.506918787956237793e-01
4.949494898319244385e-01 9.839022755622863770e-01
5.050504803657531738e-01 1.015594124794006348e+00
5.151515007019042969e-01 1.044780135154724121e+00
5.252525210380554199e-01 1.070493340492248535e+00
5.353535413742065430e-01 1.091811656951904297e+00
5.454545617103576660e-01 1.107882976531982422e+00
5.555555820465087891e-01 1.117945432662963867e+00
5.656565427780151367e-01 1.121348500251770020e+00
5.757575631141662598e-01 1.117570042610168457e+00
5.858585834503173828e-01 1.106230735778808594e+00
5.959596037864685059e-01 1.087104916572570801e+00
6.060606241226196289e-01 1.060127377510070801e+00
6.161616444587707520e-01 1.025397777557373047e+00
6.262626051902770996e-01 9.831782579421997070e-01
6.363636255264282227e-01 9.338899850845336914e-01
6.464646458625793457e-01 8.781042695045471191e-01
6.565656661987304688e-01 8.165304064750671387e-01
6.666666865348815918e-01 7.499999403953552246e-01
6.767677068710327148e-01 6.794481873512268066e-01
6.868686676025390625e-01 6.058942079544067383e-01
6.969696879386901855e-01 5.304151177406311035e-01
7.070707082748413086e-01 4.541248381137847900e-01
7.171717286109924316e-01 3.781464695930480957e-01
7.272727489471435547e-01 3.035881519317626953e-01
7.373737096786499023e-01 2.315178215503692627e-01
7.474747300148010254e-01 1.629369854927062988e-01
7.575757503509521484e-01 9.876236319541931152e-02
7.676767706871032715e-01 3.980243206024169922e-02
7.777777910232543945e-01 -1.325851678848266602e-02
7.878788113594055176e-01 -5.987513065338134766e-02
7.979797720909118652e-01 -9.965184330940246582e-02
8.080807924270629883e-01 -1.323509812355041504e-01
8.181818127632141113e-01 -1.578941643238067627e-01
8.282828330993652344e-01 -1.763630211353302002e-01
8.383838534355163574e-01 -1.879942715167999268e-01
8.484848737716674805e-01 -1.931708604097366333e-01
8.585858345031738281e-01 -1.924104094505310059e-01
8.686868548393249512e-01 -1.863496452569961548e-01
8.787878751754760742e-01 -1.757259517908096313e-01
8.888888955116271973e-01 -1.613573729991912842e-01
8.989899158477783203e-01 -1.441193819046020508e-01
9.090909361839294434e-01 -1.249213069677352905e-01
9.191918969154357910e-01 -1.046818420290946960e-01
9.292929172515869141e-01 -8.430414646863937378e-02
9.393939375877380371e-01 -6.465189158916473389e-02
9.494949579238891602e-01 -4.652655124664306641e-02
9.595959782600402832e-01 -3.064550645649433136e-02
9.696969985961914062e-01 -1.762338913977146149e-02
9.797979593276977539e-01 -7.956326007843017578e-03
9.898989796638488770e-01 -2.007742412388324738e-03
1.000000000000000000e+00 5.557729603410891533e-15
