0.000000000000000000e+00 7.506434321403503418e-01
1.000000000000000000e+00 3.561375141143798828e-01
2.000000000000000000e+00 3.340931832790374756e-01
3.000000000000000000e+00 4.403981268405914307e-01
4.000000000000000000e+00 1.828640699386596680e-01
5.000000000000000000e+00 1.102743595838546753e-01
6.000000000000000000e+00 6.085759028792381287e-02
7.000000000000000000e+00 5.182510986924171448e-02
8.000000000000000000e+00 4.323178157210350037e-02
9.000000000000000000e+00 4.239411652088165283e-02
1.000000000000000000e+01 3.825898095965385437e-02
1.100000000000000000e+01 2.432566694915294647e-02
1.200000000000000000e+01 1.975633576512336731e-02
1.300000000000000000e+01 2.153816819190979004e-02
1.400000000000000000e+01 1.873238570988178253e-02
1.500000000000000000e+01 1.419664733111858368e-02
1.600000000000000000e+01 1.136489864438772202e-02
1.700000000000000000e+01 1.444575190544128418e-02
1.800000000000000000e+01 1.291938778012990952e-02
1.900000000000000000e+01 1.404734607785940170e-02
2.000000000000000000e+01 1.523003354668617249e-02
2.100000000000000000e+01 9.601296856999397278e-03
2.200000000000000000e+01 6.281690206378698349e-03
2.300000000000000000e+01 5.879291333258152008e-03
2.400000000000000000e+01 4.379607737064361572e-03
2.500000000000000000e+01 4.747570026665925980e-03
2.600000000000000000e+01 4.869806114584207535e-03
2.700000000000000000e+01 5.600107368081808090e-03
2.800000000000000000e+01 5.701050162315368652e-03
2.900000000000000000e+01 6.160507444292306900e-03
3.000000000000000000e+01 6.012245081365108490e-03
3.100000000000000000e+01 7.193069905042648315e-03
3.200000000000000000e+01 7.533622905611991882e-03
3.300000000000000000e+01 7.664563599973917007e-03
3.400000000000000000e+01 6.912990473210811615e-03
3.500000000000000000e+01 6.287111900746822357e-03
3.600000000000000000e+01 5.272748414427042007e-03
3.700000000000000000e+01 4.709074739366769791e-03
3.800000000000000000e+01 5.849843844771385193e-03
3.900000000000000000e+01 5.638630129396915436e-03
4.000000000000000000e+01 5.414872895926237106e-03
4.100000000000000000e+01 5.707683041691780090e-03
4.200000000000000000e+01 5.730218254029750824e-03
4.300000000000000000e+01 5.298231728374958038e-03
4.400000000000000000e+01 5.245555657893419266e-03
4.500000000000000000e+01 5.408753175288438797e-03
4.600000000000000000e+01 4.814920015633106232e-03
4.700000000000000000e+01 4.809666890650987625e-03
4.800000000000000000e+01 4.530235193669795990e-03
4.900000000000000000e+01 3.331745741888880730e-03
5.000000000000000000e+01 3.489647060632705688e-03
5.100000000000000000e+01 3.336913650855422020e-03
5.200000000000000000e+01 3.257877193391323090e-03
5.300000000000000000e+01 2.891421318054199219e-03
5.400000000000000000e+01 2.956429729238152504e-03
5.500000000000000000e+01 3.023308934643864632e-03
5.600000000000000000e+01 3.259957535192370415e-03
5.700000000000000000e+01 3.237213240936398506e-03
5.800000000000000000e+01 3.167544724419713020e-03
5.900000000000000000e+01 3.043911885470151901e-03
6.000000000000000000e+01 2.659110818058252335e-03
6.100000000000000000e+01 2.531825797632336617e-03
6.200000000000000000e+01 2.176330657675862312e-03
6.300000000000000000e+01 2.293908502906560898e-03
6.400000000000000000e+01 2.436154754832386971e-03
6.500000000000000000e+01 2.580099739134311676e-03
6.600000000000000000e+01 2.233418636023998260e-03
6.700000000000000000e+01 2.233566716313362122e-03
6.800000000000000000e+01 2.243283204734325409e-03
6.900000000000000000e+01 2.338194055482745171e-03
7.000000000000000000e+01 2.151161897927522659e-03
7.100000000000000000e+01 2.311432734131813049e-03
7.200000000000000000e+01 2.317616716027259827e-03
7.300000000000000000e+01 2.185797551646828651e-03
7.400000000000000000e+01 2.014890778809785843e-03
7.500000000000000000e+01 2.059448510408401489e-03
7.600000000000000000e+01 2.331792144104838371e-03
7.700000000000000000e+01 2.451223786920309067e-03
7.800000000000000000e+01 2.539371605962514877e-03
7.900000000000000000e+01 2.405909355729818344e-03
8.000000000000000000e+01 2.367009874433279037e-03
8.100000000000000000e+01 2.403841586783528328e-03
8.200000000000000000e+01 2.183492062613368034e-03
8.300000000000000000e+01 2.161032054573297501e-03
8.400000000000000000e+01 2.313521225005388260e-03
8.500000000000000000e+01 2.164992969483137131e-03
8.600000000000000000e+01 2.031742362305521965e-03
8.700000000000000000e+01 2.145889215171337128e-03
8.800000000000000000e+01 2.007750794291496277e-03
8.900000000000000000e+01 1.947808894328773022e-03
9.000000000000000000e+01 1.870445325039327145e-03
9.100000000000000000e+01 1.788173220120370388e-03
9.200000000000000000e+01 1.713363337330520153e-03
9.300000000000000000e+01 1.966417534276843071e-03
9.400000000000000000e+01 2.042430685833096504e-03
9.500000000000000000e+01 2.029599621891975403e-03
9.600000000000000000e+01 1.934520318172872066e-03
9.700000000000000000e+01 1.928699319250881672e-03
9.800000000000000000e+01 1.827331376262009144e-03
9.900000000000000000e+01 1.827503554522991180e-03
1.000000000000000000e+02 1.773387659341096878e-03
1.010000000000000000e+02 1.425612135790288448e-03
1.020000000000000000e+02 1.444390509277582169e-03
1.030000000000000000e+02 1.352197839878499508e-03
1.040000000000000000e+02 1.297974842600524426e-03
1.050000000000000000e+02 1.212928444147109985e-03
1.060000000000000000e+02 1.013439614325761795e-03
1.070000000000000000e+02 1.027521211653947830e-03
1.080000000000000000e+02 1.027521211653947830e-03
1.090000000000000000e+02 1.027521211653947830e-03
1.100000000000000000e+02 1.027521211653947830e-03
1.110000000000000000e+02 1.027521211653947830e-03
1.120000000000000000e+02 1.027521211653947830e-03
1.130000000000000000e+02 1.027521211653947830e-03
1.140000000000000000e+02 1.027521211653947830e-03
1.150000000000000000e+02 1.027521211653947830e-03
1.160000000000000000e+02 1.027521211653947830e-03
1.170000000000000000e+02 1.027521211653947830e-03
1.180000000000000000e+02 1.027521211653947830e-03
1.190000000000000000e+02 1.027521211653947830e-03
1.200000000000000000e+02 1.027521211653947830e-03
1.210000000000000000e+02 1.027521211653947830e-03
1.220000000000000000e+02 1.027521211653947830e-03
1.230000000000000000e+02 1.027521211653947830e-03
1.240000000000000000e+02 1.027521211653947830e-03
1.250000000000000000e+02 1.027521211653947830e-03
1.260000000000000000e+02 1.027521211653947830e-03
1.270000000000000000e+02 1.027521211653947830e-03
1.280000000000000000e+02 1.027521211653947830e-03
1.290000000000000000e+02 1.027521211653947830e-03
1.300000000000000000e+02 1.027521211653947830e-03
1.310000000000000000e+02 1.027521211653947830e-03
1.320000000000000000e+02 1.027521211653947830e-03
1.330000000000000000e+02 1.027521211653947830e-03
1.340000000000000000e+02 1.027521211653947830e-03
1.350000000000000000e+02 1.027521211653947830e-03
1.360000000000000000e+02 1.027521211653947830e-03
1.370000000000000000e+02 1.027521211653947830e-03
1.380000000000000000e+02 1.027521211653947830e-03
1.390000000000000000e+02 1.027521211653947830e-03
1.400000000000000000e+02 1.027521211653947830e-03
1.410000000000000000e+02 1.027521211653947830e-03
1.420000000000000000e+02 1.027521211653947830e-03
1.430000000000000000e+02 1.027521211653947830e-03
1.440000000000000000e+02 1.027521211653947830e-03
1.450000000000000000e+02 1.027521211653947830e-03
1.460000000000000000e+02 1.027521211653947830e-03
1.470000000000000000e+02 1.027521211653947830e-03
1.480000000000000000e+02 1.027521211653947830e-03
1.490000000000000000e+02 1.027521211653947830e-03
1.500000000000000000e+02 1.027521211653947830e-03
