6.505634188652038574e-01
4.863046705722808838e-01
3.835700750350952148e-01
3.593100309371948242e-01
2.929288744926452637e-01
5.278517603874206543e-01
1.532034873962402344e-01
2.903196513652801514e-01
1.314979046583175659e-01
3.981727734208106995e-02
3.463439643383026123e-02
3.188169747591018677e-02
3.241927549242973328e-02
2.720497921109199524e-02
2.613843046128749847e-02
2.981983684003353119e-02
2.086034975945949554e-02
1.832632161676883698e-02
1.939294300973415375e-02
1.724117435514926910e-02
1.204764749854803085e-02
8.916889317333698273e-03
7.773228455334901810e-03
9.800110012292861938e-03
5.939293187111616135e-03
5.001574289053678513e-03
4.347843583673238754e-03
4.193129017949104309e-03
5.688107572495937347e-03
5.561238154768943787e-03
4.269009456038475037e-03
4.646061919629573822e-03
5.013872869312763214e-03
5.947202909737825394e-03
6.020704284310340881e-03
5.186079535633325577e-03
5.179218482226133347e-03
4.676815122365951538e-03
4.459341987967491150e-03
3.960234113037586212e-03
3.278648946434259415e-03
3.619683207944035530e-03
4.177839495241641998e-03
4.898688290268182755e-03
4.590675234794616699e-03
4.392119124531745911e-03
3.885773709043860435e-03
3.501941449940204620e-03
3.458260092884302139e-03
3.084345255047082901e-03
3.357358044013381004e-03
3.177160862833261490e-03
3.209008369594812393e-03
2.823350718244910240e-03
2.717477269470691681e-03
2.584115136414766312e-03
2.433167072013020515e-03
2.312596654519438744e-03
2.634756267070770264e-03
2.287646988406777382e-03
2.299919025972485542e-03
2.128642052412033081e-03
1.543056801892817020e-03
1.978131011128425598e-03
2.074208110570907593e-03
1.921126036904752254e-03
1.865719910711050034e-03
1.795414835214614868e-03
1.816422678530216217e-03
1.880430500023066998e-03
1.736158388666808605e-03
1.721158507280051708e-03
1.604531309567391872e-03
1.596966059878468513e-03
1.532248570583760738e-03
1.549316453747451305e-03
1.470420393161475658e-03
1.499358331784605980e-03
1.509152469225227833e-03
1.450081937946379185e-03
1.328537822701036930e-03
1.282063079997897148e-03
1.208358909934759140e-03
1.174732111394405365e-03
1.221228623762726784e-03
1.167062669992446899e-03
1.170436968095600605e-03
1.190663315355777740e-03
1.173292286694049835e-03
1.279166550375521183e-03
1.294546062126755714e-03
1.252513611689209938e-03
1.267445040866732597e-03
1.255467417649924755e-03
1.220703008584678173e-03
1.114129321649670601e-03
1.100537949241697788e-03
1.051128725521266460e-03
1.005919766612350941e-03
1.019447925500571728e-03
1.031166990287601948e-03
